6318
16618
35976
64046
94797
115422
143046
170484
198237
228295
259173
283236
302797
348738
402174
421797
450299
487672
503799
557174
615111
645237
706048
757737
787489
898487
985613
1030175
1063426
1109864
1173366
1226427
1253492
1327054
1357928
1397179
1448677
1481117
1518369
1544179
1578430
1634065
1654875
1675565
1708066
1736938
1758501
1788565
1838253
1884878
1915128
1944054
1964760
1984573
2061324
2098075
2120824
2169449
2215700
2250451
2326887
2508451
2575700
2614015
2644140
2670142
2693514
2735515
2779765
2820452
2851514
2904454
2930516
2964267
3050142
3089143
3142893
3164205
3191892
3268329
3327705
3360769
3385081
3461019
3498832
3652144
3682572
3751944
3782007
3843259
3913633
3974424
4003111
4097362
4142112
4175113
4233240
4272924
4306551
4334988
4365488
4435364
4622302
4653176
4690615
4745178
4783616
4818052
4852741
4923117
4976867
5018743
5052491
5120993
5187117
5228306
5261181
5288181
5344618
5370556
5433368
5476341
5506340
5544591
5605341
5695781
5767466
5801716
5855781
5898158
5940342
5959845
5999656
6062719
6094096
6125219
6233781
6279595
6303970
6351157
6429972
6462034
6513032
6626534
6712849
6788849
6842598
6860909
6914536
6953473
7030286
7089974
7109848
7142786
7176288
7217350
7245348
7272557
7322636
7367448
7400197
7433386
7454824
7478012
7622010
7690574
7718824
7768511
7810575
7839012
7889762
7931512
7965700
8021388
8099390
8129950
8161888
8332204
8424017
8446639
8483266
8517703
8554516
8588704
8668017
8763142
8817080
8984392
9024830
9090836
9122896
9190085
9204396
9236085
9288896
9323397
9480586
9550462
9619400
9650777
9701964
9730963
9754337
9809465
9839401
9873463
9901153
9936713
9979338
10005965
10044842
10091342
10141654
10253028
10324094
10381530
10450716
10613467
10655046
10722174
10800421
10908174
10985125
11034814
11076626
11113314
11144815
11161505
11275004
11401771
11478957
11593206
11676083
11839147
11920898
12034199
12089570
12176838
12200149
12233480
12298915
12318311
12336934
12388371
12411122
12449746
12595393
12687831
12761662
12904915
12942752
13007586
13035649
13147590
13206899
13325650
13378181
13437575
13550737
13751425
13865816
13927444
13986693
14020630
14137882
14218944
14316650
14399522
14439461
14481648
14519609
14573358
14643173
14729983
14777734
14894735
14926861
14986674
15014611
15049611
15090611
15119675
15449259
15614780
15675281
15741154
15848719
