8959
24086
43209
70086
115828
134765
163704
279905
308781
342723
396724
439850
461913
525291
584350
648040
677725
702540
745850
807883
880198
938635
974387
1015384
1053361
1086443
1151379
1209566
1281066
1330443
1393506
1432444
1456818
1483881
1507443
1542693
1623195
1712569
1743571
1805883
1841073
1889178
1921490
1941051
1990239
2045928
2064304
2115492
2134116
2274824
2321509
2351567
2414692
2443131
2463192
2567506
2616436
2648061
2667873
2700499
2718186
2809127
2854346
2876034
2965221
3009350
3058472
3094722
3135659
3168660
3193849
3223410
3268786
3355912
3381474
3457224
3480351
3549287
3619849
3699364
3740992
3858491
3879116
3913929
3989368
4018991
4078744
4107369
4128493
4152056
4189306
4240117
4282745
4339370
4362993
4397371
4422746
4486057
4517059
4565187
4601932
4648746
4677997
4787559
4826184
4865998
4915060
4940750
4969937
4995875
5057437
5087062
5182188
5222624
5267937
5297189
5339563
5391752
5464751
5551251
5602315
5631377
5668504
5696128
5730127
5770252
5809879
5834555
5861055
5904058
5940931
5958993
5972993
6002182
6047057
6108183
6150369
6179308
6199308
6222622
6285420
6304167
6337854
6368229
6437106
6495419
6547105
6588795
6619731
6655238
6673644
6719957
6839396
6913085
7132770
7179771
7279210
7309959
7327335
7398088
7442774
7489088
7521961
7548023
7611962
7657463
7682398
7770400
7811525
7847339
7889525
7917025
7952465
7989401
8028778
8060527
8108716
8135652
8179901
8261841
8340654
8391716
8414529
8480341
8509655
8566404
8641030
8702030
8765906
8794783
8826657
8892876
8920126
8976190
9010690
9123503
9147437
9170501
9228188
9314379
9341002
