8876
89070
132571
204324
240883
278256
390317
438133
471071
506010
540133
732980
949916
1000482
1034292
1114170
1158860
1215237
1272421
1381420
1428545
1460983
1503734
1686234
1799900
1961758
2004823
2035636
2064008
2127133
2158260
2190123
2256874
2314124
2430001
2485249
2566876
2614501
2660314
2698063
2730251
2757940
2788565
2902814
2932003
2962879
3073943
3166379
3213194
3249818
3270941
3327068
3362880
3383443
3445194
3475067
3527818
3590818
3653818
3731850
3807601
3840102
3885412
3920100
3977911
4021725
4079600
4098101
4113103
4166602
4186978
4211539
4250727
4288665
4337978
4411227
4467604
4580442
4671630
4726631
4753754
4831318
4867067
4938257
4994819
5044256
5086944
5124131
5171781
5239472
5327407
5410348
5583680
5635304
5750056
5842168
5870546
5948294
5982359
6011857
6080171
6134481
6329482
6386922
6443672
6491984
6512611
6546298
6597048
6655647
6685207
6718583
6753645
6849772
6905273
6967584
7010022
7036829
7060894
7132642
7152518
7176520
7234206
7280017
7317770
7360893
7386891
7519827
7598329
7650266
7681330
7757828
7782580
7814453
7854078
7946705
8016642
8060082
8078269
8125580
8205019
8333331
8374643
8413706
8463146
8484206
8532832
8566456
8600083
8630020
8696710
8726332
8771207
8870397
8920646
8980648
8998273
9080523
9101702
9132202
9165201
9204514
9284515
9380765
9418454
9461954
9500890
9524829
9549952
9579704
9644891
9768580
9816641
9879955
9911141
9949579
10075579
