8313
73507
216505
375444
470488
592803
769928
817807
889994
916868
946683
1005681
1148117
1231432
1309995
1400558
1460684
1570747
1661621
1751059
1808813
1844401
1909898
1965900
2007900
2038900
2085716
2155774
2190712
2229775
2250900
2308876
2411565
2499254
2526884
2562317
2639503
2670441
2712816
2751070
2797569
2965258
3042944
3085573
3223822
3304698
3386134
3425196
3583946
3671884
3704395
3781770
3846839
3894151
3999063
4035935
4064688
4126938
4159309
4224236
4294983
4336615
4372236
4408733
4547487
4580238
4639363
4702236
4777614
4836611
4905927
4952177
5066362
5128992
5154926
5211178
5248052
5315614
5358551
5387589
5431453
5466510
5549013
5615513
5646638
5687073
5710265
5754640
5786702
5926578
5970582
6035577
6076205
6133890
6197391
6327955
6373329
6433828
6457456
6485205
6523207
6582083
6605583
6667081
6720893
6770143
6906394
7007709
7070270
7104336
7318772
7351834
7411145
7444396
7507900
7567750
7672999
7756503
7786375
7855062
7881476
