7628
45823
84164
112789
141102
174977
290353
326976
361287
384479
414413
435355
500167
520977
575790
596792
622106
657419
681040
782101
826417
864542
898980
928981
956102
1039920
1068481
1103668
1136857
1161169
1211921
1274668
1313418
1350043
1411356
1480046
1519286
1570846
1632416
1682788
1713475
1739135
1772512
1809949
1872947
1906077
1961763
1993077
2030573
2056704
2138640
2179262
2249577
2300579
2376017
2395889
2447577
2504702
2543577
2620014
2696704
2736893
2770456
2812144
2840017
2899641
2924395
2943267
2998707
3027534
3137969
3237345
3257660
3326097
3360445
3389636
3427322
3469261
3511195
3540760
3626196
3691261
3724197
3768887
3837635
3861011
3890888
3924949
3965013
4016762
4059137
4169576
4229700
4380261
4471199
4514826
4549638
4586825
4634267
4775143
4818387
4859079
4899016
4921893
4964080
4991018
5020330
5059645
5120455
5176017
5212018
5284207
5339453
5372457
5433706
5470957
5516830
5542018
5566644
5636393
5677583
5730852
5787663
5823365
5894614
5975116
6005803
6030162
6142101
6164910
6241727
6264975
6298038
6346976
6370914
6419790
6536413
6604228
6687425
6754615
6805178
6900240
6951679
7013927
7116807
7214119
7301871
7333306
7425619
7447867
7525306
7655055
7748056
7797309
7841747
7867774
7907835
8001275
8092026
8142462
8182400
8231155
8256528
8276719
8358655
8408761
