8625
26439
60688
104047
132735
166548
188235
211735
244735
276297
306298
368301
402360
428798
444549
458487
478113
514174
544925
583926
652423
675111
757614
789863
819988
840612
893615
975362
1029427
1077614
1122927
1165963
1231963
1308028
1337902
1394964
1429214
1565680
1685738
1718612
1792711
1829021
1883209
2013568
2094880
2122382
2188943
2220631
2276507
2320134
2373070
2430133
2461319
2558508
2643444
2669258
2711195
2794507
2840883
2900385
2922883
2951071
2975820
3012509
3056322
3093633
3131072
3158822
3179259
3259010
3300259
3373322
3425511
3547199
3630574
3685073
3711385
3744814
3764002
3799501
3832939
3863814
3897691
3921065
3945752
4050128
4110689
4165504
4225629
4320504
4350379
4371755
4405878
4442315
4479942
4537755
4593942
4621007
4646568
4670504
4720819
4786506
4812505
4850317
4873505
4919193
4946693
4965945
4982131
5006443
5025604
5047968
5060155
5090468
5105532
5134566
5164693
5190503
5207253
5221255
5236316
5254628
5266191
5307332
5333458
5354020
5400708
5454895
5494457
5544395
5573582
5633145
5659894
5711583
5787395
5812269
5846521
5950520
6009834
6036146
6059148
6112646
6173521
6275710
6315648
6368647
6460039
6496541
6555449
6592322
6698947
6723509
6763886
6797885
6831262
6959699
7040950
7171513
7266136
7288824
7397137
7445202
7480764
7537513
7583689
7622689
7645628
7692504
7748128
7853002
7881629
7941379
8001654
8043216
8061339
8092278
8185715
8211528
8237528
8307152
8347717
8373419
8397231
8414731
8449919
8509608
8532545
8625296
8691732
8790671
8830857
8849795
8872920
8907985
8943609
9002922
9025172
9052358
9080421
9100922
9138109
9166737
9189361
9247422
9269422
9303171
9332047
