7244
65180
129325
149510
185697
213324
240887
307980
325042
360105
407857
484668
533231
570230
588920
621231
682545
744422
765925
824297
854986
875610
902047
930426
998362
1032797
1089610
1120986
1152111
1198298
1233923
1275612
1313323
1349666
1404918
1439041
1500292
1551354
1582105
1625917
1656605
1745886
1834261
1889638
1941137
1974697
2009511
2053260
2166135
2213098
2245599
2269539
2315787
2374473
2427599
2455222
2484099
2511258
2550758
2579321
2659134
2691322
2729196
2781260
2804699
2877009
2951384
2998635
3022386
3054823
3127951
3161322
3276074
3310702
3360760
3421575
