23075
55200
136514
191203
264017
306829
363828
407455
445016
473954
515329
571768
623455
655143
694762
749010
796074
868076
932889
981699
1010696
1035695
1092133
1194510
1266574
1317198
1351076
1420948
1495074
1564681
1640305
1693242
1726618
1823119
1876494
1976368
2074558
2142246
2185559
2288436
2330184
2391507
2420007
2465134
2498884
2533572
2580635
2612074
2655011
2691634
2730573
2806135
2836449
2895628
2940030
2969657
2993780
3025967
3086219
3160158
3221222
3253220
3295035
3339283
3379597
3424158
3484598
3533848
3626661
3696099
3770036
3832413
3868162
3967537
3996663
4021664
4054853
4081432
4135744
4202871
4262762
4288074
4357011
4397264
4441450
4495949
4519513
4562888
4595075
4638262
4696450
4758952
4806950
4885201
4938202
4967638
5008077
5052017
5125389
5206516
5272579
5315144
5358703
5395141
5453517
5487267
5578892
5637330
5694392
5736518
5851455
5922707
5968331
6025706
6070082
6110832
6185894
6262482
6284671
6401794
6457295
6516795
6561857
6612858
6642484
6677922
6728234
6763484
6799860
