8802
36239
96551
173366
247741
311802
342365
393930
410867
461742
503244
551430
626274
669337
694526
788026
831776
869524
945588
993838
1033151
1093588
1198902
1271466
1401841
1429217
1472215
1552530
1605466
1631530
1672779
1756404
1784905
1809217
1850467
1917843
1967718
2010655
2066157
2114653
2144215
2181654
2207843
2232658
2258779
2305095
2339529
2369716
2388843
2442592
2472782
2508092
2536030
2568220
2615282
2655532
2672531
2711532
2738345
2796095
2839285
2920095
2948783
2966785
3009534
3048908
3110661
3148036
3215846
3232971
3267846
3346096
3378410
3424911
3478474
3514035
3539161
3572848
3612787
3627537
3658347
3695473
3716473
3768848
3802786
3829473
3846974
3892473
3969791
3998414
4074476
4095600
4131041
4188599
4233913
4258292
4279475
4297165
4355101
4393163
4429166
4464543
4505352
4535850
4614351
4636541
4672514
4734700
4799825
4831452
