7907
38156
69124
142000
165188
225189
267206
356583
406985
434111
472925
501298
573051
620489
659990
690424
732246
826106
885354
915042
972605
1000046
1014857
1056418
1098482
1118855
1148984
1221543
1288232
1349420
1377609
1469485
1502735
1530175
1572671
1609735
1642671
1676176
1720110
1742972
1795973
1829285
1881704
1938328
1989768
2044579
2108268
2148268
2198209
2257456
2305331
2337585
2397270
2431832
2479270
2499895
2556335
2614958
2652833
2682898
2731083
2800209
2856336
2905588
2948531
2985970
3035221
3054972
3093158
3144969
3189719
3219220
3261097
3305719
3335657
3352909
3400971
3432349
3501658
3526909
3549470
3625661
3663350
3686660
3757347
3797847
3834661
3887102
3974724
4026162
4058788
4106729
4151788
4208853
4265106
4294478
4314477
4341918
4367416
4398416
4424607
4495353
4527044
4571918
4588854
4615356
4637918
4675792
4726547
4782672
4836232
4872544
4906954
4956851
5002227
5021917
5079727
5105915
5133727
5181793
5227804
5250679
5268741
5316804
