8678
33681
58057
95494
132621
175432
263057
286306
321436
353497
391120
420121
440808
472811
496559
544873
565121
612311
668371
723809
750810
832436
867686
937689
998560
1052874
1098999
1124500
1157500
1188876
1232377
1329252
1381815
1431752
1465567
1491064
1564254
1639442
1710441
1738690
1855442
1905504
1943254
2008696
2033255
2062946
2126506
2160070
2196881
2223821
2283572
2352448
2380382
2428633
2470445
2493321
2541449
2562695
2591008
2638510
2659945
2677445
2724509
2784947
2829323
2907386
2962885
3035760
3108826
3149449
3198952
3219450
3246761
3275453
3295825
3333450
3427201
3486826
3528201
3560952
3646140
3688452
3718953
3777391
3807140
3834328
3867642
3918143
3975766
4001391
4056332
4079829
4105205
4136903
4165461
4183275
4234337
4261150
4284902
4318839
4430777
4493838
4528778
4548276
4574651
4605089
4624904
4658152
4703527
4781529
4837657
4908216
