8711
40396
59021
82086
105647
124335
150960
177085
202462
223147
244588
266711
285900
307773
332337
357524
381149
396586
419336
449775
471025
504713
542275
562277
585089
611839
632776
653089
683152
704278
721527
741901
763089
790026
803527
823341
843902
859778
873840
901841
916340
931343
959341
978593
1003093
1020092
1037030
1062342
1083844
1102278
1121279
1140470
1164031
1182093
1207344
1227405
1250664
1266603
1292978
1314539
1336040
1350040
1363604
1382728
1399728
1436353
1470039
1485480
1507791
1522041
1540166
1565729
1582606
1596105
1622916
1641541
1657482
1674356
1690542
1711042
1727169
1750667
1768731
1785542
1806482
1848668
1862667
1888544
1924733
1943983
1958731
1972795
1991358
2006419
2023234
2038919
2065732
2087732
2104734
2119108
