10505
42757
95569
125514
151076
177138
196765
238201
271265
309076
341764
385704
437551
474175
536802
563364
589741
613865
647426
664553
689243
711428
752929
789618
815177
859369
911866
972803
1032992
1057369
1121804
1166680
1201806
1265496
1290058
1363683
1433951
1460701
1509203
1542517
1571078
1625453
1641766
1687141
1730955
1766269
1786454
1807302
1844613
1883553
1907238
1940489
1973492
2006240
2034554
2063554
2102178
2124865
2151053
2206803
2240928
2305258
2354510
2394884
2433198
2479759
2544197
2586961
2616972
2687285
2743911
2802664
2857536
2892101
2924163
2993037
3066976
3115102
3155228
3199727
3300149
3380463
3399963
3424151
3454088
3476964
3550715
3577409
3606224
3668972
3714473
3762599
3842161
3896599
3959162
4000226
4042100
4095100
4115039
4142293
4168350
4216914
4248978
4292540
4320792
4350853
4418258
4449759
4482133
4498385
4548947
4580196
4648573
4676511
4710137
4761200
4814760
4829323
4871636
4931450
4960576
4987199
5013825
5046075
5088137
5141575
5176638
5215201
5235952
