6727
69479
101916
129167
179542
225041
256480
332481
363542
418606
442981
471605
542232
576481
592857
647141
681641
715468
774842
801966
841154
877092
898030
981031
1006032
1044718
1067406
1097157
1128910
1156095
1191657
1227783
1252594
1299658
1338847
1378159
1414471
1445347
1462722
1510971
1548221
1572596
1599659
1619035
1679348
1712722
1764223
1817913
1841473
1871350
1883661
1944724
1972226
2017162
2052850
2092788
2122768
2178708
2224830
2284298
2348780
2379343
2415845
2443467
2492345
2521531
2555780
2598969
2628844
2684472
2736345
2778283
2801971
2834972
2858970
2882971
2911979
2936104
2971794
2998229
3029416
3057291
3086479
3115855
3137853
3172229
3200042
3226105
3265355
3294606
3313442
3340567
3368816
3420863
3452988
3485613
3515614
3582303
3636615
3695927
3739613
3790740
3826553
3849926
3880239
3913241
3936867
3980428
4001991
4018303
4076554
4126993
