8523
36272
83647
96088
117086
163256
188755
213130
230505
253692
286947
306197
328194
365322
422256
470570
530694
609009
672696
789509
838571
917260
1015947
1034483
1083168
1101729
1150231
1184304
1253428
1331869
1357182
1460242
1497167
1526416
1557603
1585416
1618417
1654042
1672479
1719042
1756355
1773672
1848230
1876543
1901231
1962356
2009856
2035295
2075732
2159044
2229732
2264049
2313858
2341768
2377455
2439892
2495084
2571394
2614518
2639960
2667957
2695335
2724895
2771144
2804708
2835652
2859777
2876964
2890398
2916148
2941835
2973214
2991148
3015231
3053106
3071794
3100982
3161418
3193543
3231981
3261356
3283669
3383544
3401172
3423669
3430920
3486234
3515858
3544734
3556545
3588487
3601172
3610422
3642171
3680921
3710359
3773609
3796488
3830609
3856672
3872797
3900047
3939172
3956298
3980672
4016923
4041986
4069173
4085111
4135736
4195988
