9404
31467
45842
60279
91155
122592
141154
170678
201990
228616
259242
287178
305740
326240
345493
368805
392182
422741
444305
465179
490680
529555
548617
580805
605492
627555
697525
720899
746900
768965
790028
818572
837136
858010
877012
920137
952575
979076
1005012
1031763
1053638
1081761
1109823
1141012
1163279
1191904
1225029
1248341
1282966
1316405
1337155
1365155
1385092
1402843
1435092
1457156
1486282
1499032
1595350
1619602
1651537
1688352
1718040
1740287
1774851
1806852
1823352
1846382
1875507
1901073
1918321
1948135
1969322
2025259
2048072
2105073
2146761
2169137
2188324
2206760
2225012
2244262
2264759
2291073
2307885
2321699
2337949
2358512
2373138
2383760
2410576
2421324
2438199
2463699
2476700
2492262
2515199
2544074
2570674
