8731
17046
34171
46919
65920
80419
105358
124921
148670
162107
217546
231109
252233
263483
287484
313859
338734
351984
382172
396609
412173
431298
457859
473423
489549
503548
514172
524653
530652
541654
549029
558277
568402
577529
585028
597153
612279
628965
644653
697904
786466
795156
814466
830592
853904
879717
901842
956217
980093
993655
1013844
1026343
1049406
1114657
1139720
1163782
1181407
1200657
1237595
1254969
1274719
1305659
1324470
1358720
1382345
1411347
1436284
1452659
1466970
1505471
1530845
1624535
1681972
1723473
1752472
1779722
1818222
1854099
1875223
1887973
1929004
1963818
1988243
2003180
2027618
2048777
2108403
2172091
2201466
2226653
2266653
2289590
2307654
2321153
2364342
2374904
2405841
2475467
2505344
2536844
2556593
2578350
2605729
2625040
2651102
2670351
2680354
2696290
2728665
2753557
2779178
2801304
2825929
2863931
2907555
2931742
2954868
2985992
2999429
3014118
3045559
3087309
3105618
3148494
3176993
3197434
3221620
3254496
3297681
3322685
3366434
3412435
3447934
3480434
3550437
3580123
