7897
28648
57585
100647
123022
165150
191211
226961
251211
279773
301898
330961
354461
383151
403148
426774
447838
477525
514149
548338
565024
587590
626277
642963
695592
732215
763216
782340
815091
854205
902017
935328
961204
987580
1012516
1052954
1106266
1131544
1151545
1185356
1212920
1243419
1280670
1315107
1373360
1403609
1435610
1490671
1517983
1539608
1564172
1590234
1615860
1634798
1658673
1677547
1706861
1729360
1750549
1773049
1792236
1815611
1837113
1864049
1886319
1912881
1938255
1962568
1983694
2007631
2025382
2046194
2074758
2137320
2182446
2204697
2233322
2275074
2308383
2373511
2399758
2439384
2469447
2499072
2562760
2584823
2606261
2660950
2687199
2718073
2775699
2809638
2837014
2859386
2888511
2910387
2936513
2991701
3018950
3042951
3059825
3087359
3111483
3141172
3197858
3225733
3244861
3262579
3295329
3330829
3353458
3376453
3405329
