9486
35296
101487
128984
157422
370094
409720
439409
465534
500283
524472
597098
632097
658160
705785
766037
795722
872348
975412
1021536
1037723
1049600
1080224
1144600
1168285
1234530
1276907
1311467
1364783
1394283
1448909
1496282
1521720
1549596
1609409
1648910
1724983
1784798
1824858
1852234
1952360
1999611
2023798
2039236
2069924
2108860
2162925
2205237
2234424
2256487
2281175
2307737
2385862
2434303
2485112
2519739
2557812
2581999
2628499
2658812
2699499
2732187
2769126
2811267
2843643
2904928
2939504
2980818
3000002
3023192
3071942
3109818
3189187
3260550
3288751
3322940
3348049
3381643
3493020
