8063
17877
31626
45439
60063
75563
105064
126251
148129
162432
175056
196806
213931
233681
290682
306433
321994
350369
387495
422434
449622
487060
501121
542372
617560
642746
657186
773686
803624
831311
852750
869687
905189
967815
988812
1015813
1028315
1052940
1076937
1090938
1110251
1137813
1156753
1177691
1237438
1264254
1286705
1311142
1328830
1347334
1380456
1409405
1435781
1461031
1476718
1500844
1525220
1544029
1563406
1582342
1609158
1630968
1658843
1690658
1712908
1732593
1756844
1774031
1801282
1821344
1854845
1901784
1925094
1944659
1967284
1993659
2018286
2047533
2077596
2094846
2128846
2143221
2174661
2205348
2227785
2251913
2268413
2291727
2321978
2345538
2366163
2416976
2440664
2454478
2473854
2495602
2521228
2539039
2553477
2577353
2625934
2653914
2675538
2708192
2725730
2747233
2772669
2794044
2810669
2849554
2876991
2904992
2921679
2947052
2970429
2994055
3022179
3059930
3076241
