7283
31283
85094
151220
200222
226909
262909
299909
344356
367230
405433
428495
454685
480435
501183
541496
571059
612749
679426
724803
789304
842117
868428
895490
917741
939993
967679
991679
1010054
1041868
1067179
1104119
1148316
1168318
1198004
1222631
1249005
1291505
1314694
1336069
1381130
1408318
1452134
1476633
1519384
1555134
1568823
1596572
1635135
1666336
1692273
1708335
1728025
1765024
1796524
1834711
1852273
1882587
1916000
1956116
1984367
2010993
2039241
2070742
2089561
2119432
2135246
2164558
2218496
2241498
2289524
2314961
2337712
2364838
2401151
2428462
2452464
2477715
