10347
23661
36597
58286
88724
116225
143973
169224
193664
212350
231725
248539
265476
290914
308226
333227
356099
370788
397350
416225
437602
467978
492102
505791
535352
552166
572727
592541
618226
638979
653665
673728
689666
712291
735103
757544
779793
793916
813103
829167
849918
881353
900856
924481
955104
975481
991231
1008604
1021855
1087544
1107044
1138981
1164921
1184606
1206295
1220047
1235169
1253295
1265735
1284172
1296920
1322670
1341734
1376545
1390233
1408421
1420922
1442233
1456360
1468651
1487277
1505839
1520213
1537276
1560466
1577027
1593307
1613809
1627686
1641995
1656372
1669810
1691059
1709435
1724684
1745183
1767558
1783683
1801436
1819685
1833750
1846060
1865309
1883062
1897809
1913061
1925248
1943810
1958562
1976238
1985924
1997674
2016048
2036736
2056550
2071112
2087299
2102487
2117737
2142425
2156299
2173051
2189924
2207614
2224989
2239675
2262302
2275863
2300176
2318051
2333363
2355238
2367866
2380116
2398553
2411177
2426991
2456242
2473929
2495616
2511054
2523241
2544241
2560181
2572491
2595492
2618991
2636116
2647117
2677679
2694178
2707491
2724431
2738303
2750553
2774680
2790554
2805368
2823054
2837055
2849742
2864179
2882744
2901120
2928306
2951056
2973555
2987370
3021682
3038618
3050871
3070119
3084308
3100370
3126494
3140556
3168683
3190307
3205432
3222995
3237557
3252746
3268434
3292996
3315996
3329060
3344937
3361064
3376873
3388061
3413063
3430192
3442623
3466940
3485315
3505562
3531624
3556314
3571691
3604813
3627438
3642250
3658562
3669317
3687000
3701625
3715440
3740939
3755875
3773939
3790876
3808319
3827751
3845626
3858688
3876628
3894126
3912377
3934065
3948564
3964314
3980569
3996877
4019504
4035816
4054754
4078941
4094065
4107656
4116909
4131905
4150844
4168657
4188281
4204281
4223660
4242158
4289657
