7619
30055
45491
73933
101554
127117
145681
188868
222183
244369
299840
327714
375090
401903
438464
477777
523215
551278
621780
717966
744467
775842
805718
834530
872904
903281
923969
940843
970155
993405
1015717
1032349
1063406
1091843
1128783
1156219
1222721
1260782
1287283
1321409
1403408
1429534
1465346
1493474
1562752
1591190
1621379
1655273
1675461
1714587
1735650
1760961
1794649
1812588
1839650
1872525
1913213
1937087
1955337
1988400
2076465
2138404
2189903
2249737
2306454
2343205
2377391
2407313
2437062
2458001
2483062
2503003
2524875
2551313
2572626
2595876
2630124
2646125
2671940
2689124
2720188
2750813
2790251
2822066
2859189
2879253
2922815
2965128
3017752
3045004
3076817
3115004
3150254
3191131
