11990
25182
39865
63929
117992
150616
181367
265241
308183
347369
384682
410181
445244
487243
526996
625870
653683
679559
728106
830352
892171
916542
945917
1014230
1048479
1111460
1137524
1212980
1247081
1325519
1371705
1425080
1481647
1503956
1539770
1587708
1648457
1686582
1752271
1778773
1804523
1830835
1855708
1906209
1936147
1990274
2048648
2116698
2178263
2210137
2269699
2287075
2308012
2345948
2382452
2420639
2460699
2521952
2561701
2617229
2657544
2697856
2722355
2782106
2826731
2850544
2875107
2904044
2941856
2962734
2992733
3043358
3094296
3127046
3151859
3193924
3290922
3359800
3427925
3468112
3506674
3542239
3639114
3682176
3722237
3770928
3807989
3849864
3894990
