6805
20867
49242
81680
113492
148493
181554
219618
282119
305932
399620
426995
495808
532434
589058
616308
646496
726997
754499
786060
833812
858811
896561
934624
985000
1069112
1102113
1161551
1196174
1253363
1270426
1312303
1359864
1427618
1460927
1484929
1518929
1543116
1585493
1638930
1724203
1770452
1802788
1826040
1863474
1915977
1992180
2054492
2084994
2119806
2165682
2208495
2259369
2313807
2335807
2365371
2392308
2414185
2464936
2484746
2524997
2561935
2599496
2657873
2699185
2731124
2753686
2801998
2843186
2875563
