9858
56609
88809
114059
191060
268811
359000
402811
425937
483126
521186
540062
573375
631653
662528
692090
722528
768779
805594
912593
971908
1008657
1074032
1134221
1177033
1227222
1267098
1305597
1352471
1389160
1435347
1474239
1526157
1597625
1632113
1756801
1810926
1948215
1991501
2030253
2073004
2094877
2105879
2146441
2168504
2194879
2214253
2237254
2272466
2339155
2509468
2601560
2653374
2829901
2855402
2959965
3001778
3034715
3064025
3131526
3188077
3208037
3232353
3269102
3285478
3306042
3334979
3361417
3383166
3430714
3450840
3490466
3540554
3586114
