8617
17304
27055
39991
53367
65367
89366
110367
138804
169679
194429
225743
264931
290182
326555
363868
384932
401557
439745
469745
498744
523119
543559
581057
597558
615994
636433
653809
688370
712122
741560
767496
787497
817997
845310
868871
900123
922184
948623
969561
1006061
1028873
1046592
1066654
1086343
1111593
1139092
1217905
1238906
1265843
1289031
1314719
1350532
1379219
1406593
1427907
1450345
1467969
1485908
1503470
1535908
1554470
1579720
1594720
1611845
1647658
1675472
1703722
1722346
1754534
1777221
1806472
1824910
1844284
1867285
1885597
1913598
1940223
1963473
1989536
2018787
2060224
2086788
2107163
