6993
18740
26305
35805
46682
65180
85558
101241
122992
134308
153434
188619
201179
215430
231619
251680
273559
289244
303683
326932
344682
365660
382160
400473
418035
433097
448599
470224
492789
508850
537222
559536
575224
596725
611037
638411
660536
678600
694541
710662
725599
739600
752162
762664
777350
792163
808851
828039
845726
862163
881789
900038
916102
942414
956103
972101
986541
1004851
1019165
1039790
1054233
1067795
1084610
1101046
1121233
1136423
1159608
1178110
1194486
1211925
1229235
1249423
1265111
1280798
1296800
1316111
1333736
1348985
1362611
1378924
1395111
1407799
1422736
1438674
1455316
1473483
1488857
1507295
1521732
1533483
1547549
1565048
1578170
1593984
1608359
1622733
1638608
1656859
1678297
1696860
1709796
1724047
1787861
1807923
1825859
1853176
1868861
1882235
1896860
1912984
1928611
1945552
1962674
2001303
2017424
2032113
2050799
2069176
2084988
2100924
2114237
2126049
2138736
2155924
2174799
2196549
2213673
2231612
2244736
2260549
2276675
2292298
2308362
2325048
2343362
2357737
2372487
2391488
2412050
2427989
2442551
2455550
2472299
2491832
2508207
2523337
2543894
2563270
2579335
2597210
2614771
2634711
2655335
2669319
2681612
2691046
2702733
2719984
2755362
2771985
2786234
2800879
2818191
2833070
2853002
2871127
2886066
2899455
2915827
2931265
2946638
2966015
2981516
2999701
3012614
3028926
3043114
3064490
3078987
3093304
3110126
3119937
3130813
