11096
27033
43721
68097
98783
125723
155348
176348
210348
230475
251080
266921
289486
317985
338172
365988
386734
413172
438734
458796
481797
497348
560226
597161
699039
729662
831292
872417
906415
936417
969415
987602
1016294
1037041
1064040
1096668
1118354
1139227
1152604
1171670
1191978
1223722
1243781
1275095
1315407
1340534
1360844
1382659
1405474
1431720
1449283
1473158
1490971
1507283
1526158
1548048
1565485
1586236
1601862
1632486
1658047
1684174
1708549
1728740
1748924
1776049
1796113
1809800
1820736
1843739
1865237
1889491
1910175
1925674
1947801
1978239
2002301
2019050
2038114
2057864
2072368
2085363
2104491
2119741
2135618
2160116
2186240
2203053
2217554
