9458
26584
54958
145833
187771
250460
358412
436287
517294
586168
647231
671669
688106
711357
728044
780298
823298
855606
897359
923171
979108
1068983
1120926
1213923
1256609
1281926
1308674
1335550
1356048
1419049
1437486
1460301
1499112
1525488
1556678
1588115
1629676
1661853
1750436
1777061
1801810
1867811
1932251
1969257
1996444
2035881
2093507
2148254
2175378
2234005
2262320
2308067
2352878
2412203
2442392
2498767
2530955
2554270
2580646
2609271
2652079
2680142
2702145
2738957
2764893
2800521
2819081
2872956
2912582
2966457
2989708
3125022
3151775
3208897
3255584
3311334
