6783
14345
32034
66097
96846
159286
186909
280376
331187
375750
413438
450500
494814
533939
559002
596001
642941
688066
732440
750502
798004
859503
904379
925317
947255
1001569
1040754
1071880
1181547
1241547
1271860
1309298
1330487
1366361
1452861
1509175
1533987
1599175
1623052
1652802
1710991
1737301
1772551
1835990
1877614
1907677
1942907
2008176
2037115
2070358
2113046
2140733
2165983
2192109
2207421
2239609
2311323
2340074
2380263
2409136
2444386
2495011
2523636
2545013
2602887
2642139
2687887
2777575
2807077
2830763
2856328
2874827
2892638
2910951
2954306
2984557
3008492
3045431
3126743
3152931
3184556
3206244
3281682
3331932
3364808
3410495
