9155
19468
28840
52404
72553
94614
112241
134553
152945
181071
206697
243698
267510
326825
344261
374762
397011
425947
445073
486887
526638
546888
580699
644513
685637
708763
736954
751701
774013
803412
829099
854036
925223
969599
991098
1031351
1057037
1081664
1111289
1134724
1157978
1180351
1203790
1229789
1249664
1281914
1313978
1340792
1372477
1403915
1426040
1469103
1492166
1524916
1556852
1582917
1600293
1623415
1666668
1693478
1718168
1758291
1782419
1844480
1868354
1894980
1922231
1946356
1968671
1988295
2009073
2056139
2081397
2099114
2117615
2133196
2151602
2176536
2200036
2216975
2245855
2264852
2287915
2312791
2347353
2380542
2410603
2436791
2458041
2478167
