7514
16828
26326
35541
42976
57165
71041
86349
97287
115164
127540
146099
158974
176917
195725
213477
232475
245227
264478
278288
291226
311038
324476
346476
363287
380912
394037
408601
427853
449290
466477
479977
497976
540790
556603
580414
598351
619790
636291
657977
675291
696479
711789
730854
746227
764414
778729
795479
804978
820417
832290
847478
862728
876853
903542
918792
944355
961416
975790
991354
1005791
1023854
1034842
1049342
1057528
1073216
1084529
1097905
1112091
1125717
1136654
1150405
1163343
1177281
1193531
1207530
1225717
1239656
1252657
