6664
12787
19788
25602
33413
40600
51165
60351
72288
84914
95102
105352
114662
125788
135602
143226
155602
169727
187540
203039
217040
231164
239415
252290
267913
283912
294973
310538
322037
331349
339413
350537
358787
369852
377789
394101
403038
410538
418914
430038
441015
456016
466202
475765
486640
501953
516516
545955
560329
575205
590893
612017
628018
639204
650266
660768
671829
685330
696143
711519
731143
752830
771644
784704
801080
821457
832270
841954
857145
876582
895268
908331
926830
944207
954582
967831
981457
991831
999958
1012146
1024831
1039145
1052623
1063874
1075934
1091748
1107185
1121249
1136126
1149748
1166186
1177311
1197625
1205071
1212259
1223697
1233260
